01029901
01227200
01251000
01255010
01308040
01311914
01332906
01416902
01426040
01501001
01543000
01546120
02072001
02084150
02119020
02123005
02131040
02138000
02140030
02147015
02190080
02201020
02207080
02209150
02216060
02217020
02221140
02224010
02227310
02248001
02280105
02320160
02354240
02357100
02360281
02371020
02375170
02408000
02417122
02420030
02435010
02441070
02467103
02468075
02472050
02514050
02516040
02545120
02551110
02672010
02757100
02759040
02765080
02831040
02832210
02871040
02873011
02882140
02916010
02932010
02966000
02968010
02990325
02994060
02997001
03124070
03152030
03164120
03165901
03169901
03192010
03223000
03251090
03254210
03265140
03268070
03272040
03273120
03324080
03366000
03382040
03385060
03408029
03427010
03433000
03441010
03451000
03505020
03516060
03541005
03551060
03570310
03572170
03574060
03579280
03581190
03583100
03607040
03644003
03651040